1.0000         0         0
1.0000    0.0357         0
1.0000    0.0714         0
1.0000    0.1071         0
1.0000    0.1429         0
1.0000    0.1786         0
1.0000    0.2143         0
1.0000    0.2500         0
1.0000    0.2857         0
1.0000    0.3214         0
1.0000    0.3571         0
1.0000    0.3929         0
1.0000    0.4286         0
1.0000    0.4643         0
1.0000    0.5000         0
1.0000    0.5357         0
1.0000    0.5714         0
1.0000    0.6071         0
1.0000    0.6429         0
1.0000    0.6786         0
1.0000    0.7143         0
1.0000    0.7500         0
1.0000    0.7857         0
1.0000    0.8214         0
1.0000    0.8571         0
1.0000    0.8929         0
1.0000    0.9286         0
1.0000    0.9643         0
1.0000    1.0000         0
1.0000    1.0000    0.3333
1.0000    1.0000    0.6667
1.0000    1.0000    1.0000
1.0000    1.0000    1.0000
0.9677    0.9677    1.0000
0.9355    0.9355    1.0000
0.9032    0.9032    1.0000
0.8710    0.8710    1.0000
0.8387    0.8387    1.0000
0.8065    0.8065    1.0000
0.7742    0.7742    1.0000
0.7419    0.7419    1.0000
0.7097    0.7097    1.0000
0.6774    0.6774    1.0000
0.6452    0.6452    1.0000
0.6129    0.6129    1.0000
0.5806    0.5806    1.0000
0.5484    0.5484    1.0000
0.5161    0.5161    1.0000
0.4839    0.4839    1.0000
0.4516    0.4516    1.0000
0.4194    0.4194    1.0000
0.3871    0.3871    1.0000
0.3548    0.3548    1.0000
0.3226    0.3226    1.0000
0.2903    0.2903    1.0000
0.2581    0.2581    1.0000
0.2258    0.2258    1.0000
0.1935    0.1935    1.0000
0.1613    0.1613    1.0000
0.1290    0.1290    1.0000
0.0968    0.0968    1.0000
0.0645    0.0645    1.0000
0.0323    0.0323    1.0000
0         0    1.0000