0.310882758621  0.296588889083  201.637771293   1.92852720716   132341359.202   0.0294673679781 0.0157039371126 35.6683774775   -2.07812953894  85313088.6486   0.0124963515657 0.00718829386514 14.7753600364   -1.86778157736  10001793.7859   0.00427628598644 9810856.57831   0.000924628378822 5807277.32448   2.69715792273e-05 66719.1736762   66719.1736762   2068312.52788   -111.875411055  4.58713999569e-16 0.711458333333  0.0             -0.683          0.683           2.14669573063e-06 
0.310882758621  0.296260540452  169.562445629   1.66432469212   117351751.112   0.0301317415699 0.0160775540727 30.252604789    -2.02880682393  82020823.3294   0.012522771095  0.0071950026705 12.7420342723   -1.73918742056  7774326.22543   0.00417680326985 7595759.23425   0.000855157735532 4114621.96205   2.57845491159e-05 78049.9873565   78049.9873565   1385373.65661   -105.904920524  4.58713999569e-16 0.687743055556  0.0             -0.683          0.683           5.15591312771e-06 
0.310882758621  0.295910994005  159.755209933   1.71495937529   118234306.685   0.0308695170356 0.0165004007852 28.8041986047   -2.17545456156  85348718.4632   0.0125940382028 0.00724172019289 12.4030322391   -1.79769532067  7191972.64988   0.00410553984821 6977095.98307   0.000789061494932 3279153.79542   2.14467281485e-05 31750.4091698   31750.4091698   1165122.07162   -101.301863184  4.58713999569e-16 0.674699652778  -0.00474305555556 -0.681814236111 0.681814236111  8.5217574559e-06 
0.310882758621  0.295573112842  171.529410184   1.89824439498   132365448.587   0.0316010247168 0.0169249135556 31.3409381384   -2.603033       94301310.1587   0.0126895692885 0.00731013002251 13.8335754292   -2.10464806646  7968216.56363   0.00405107377728 7679221.45303   0.000726860415103 2930798.4216    1.85546386872e-05 65500.1056169   65500.1056169   1283070.19023   -97.8547192422  4.58713999569e-16 0.672328125     -0.00474305555556 -0.681814236111 0.681814236111  1.19061991194e-05 
0.310882758621  0.295265715511  187.44502204    2.23339201835   151344984.389   0.0322764605921 0.0173200082275 34.7594584822   -3.11515959323  105567885.239   0.012786539709  0.00738126622227 15.648095192    -2.4696834203   8145368.54729   0.00400228128054 7766722.2919    0.000667181288351 2423090.64727   1.38496259974e-05 47241.1414164   47241.1414164   1489189.74975   -95.4004502971  4.58713999569e-16 0.667585069444  0.00592881944444 -0.681814236111 0.681814236111  1.50790847288e-05 
0.310882758621  0.294995197299  216.442369673   2.71308211145   183884286.768   0.0328800917992 0.0176762760536 40.6808377705   -3.89638104424  123273866.415   0.0128796156411 0.00745043380428 18.6729228691   -3.0499093702   9689215.29452   0.00396031539837 9167177.1655    0.000611905556722 2058350.29289   8.60941600887e-06 15849.4106341   15849.4106341   1939468.08087   -93.7639991915  4.58713999569e-16 0.707901041667  0.00592881944444 -0.681814236111 0.681814236111  1.79317815516e-05 
0.310882758621  0.294761507091  251.377092953   3.30860080329   224400838.74    0.033406821009  0.0179892271514 47.8285756826   -4.86922069402  142790863.571   0.0129629622894 0.00751480761332 22.308345093    -3.78108785655  11576313.4503   0.0039170407912 10845849.2535   0.000560376711173 1580254.49054   4.92754512925e-06 6132.87689308   6132.87689308   2575954.69877   -92.7975312176  4.58713999569e-16 0.745845486111  0.00592881944444 -0.681814236111 0.681814236111  2.04301869535e-05 
0.310882758621  0.294558622181  293.790560165   4.04942288299   274898023.46    0.0338714976908 0.0182680859705 56.498123184    -6.08834515044  163813402.334   0.0130377400009 0.0075729368975 26.758939452    -4.70043602965  14188168.3799   0.00387439642965 13150262.6927   0.000513011515099 1145351.96973   0.0             0.0             0.0             3476640.94684   -92.3323911223  4.58713999569e-16 0.769560763889  -0.0177864583333 -0.681814236111 0.681814236111  2.26150952178e-05 
0.310882758621  0.294381160733  338.246021376   4.61455971789   332105996.745   0.0342863726695 0.0185201408628 65.7585277859   -7.46973602477  185784557.685   0.0131028603886 0.00762516078199 31.5086073481   -5.74625132337  16255583.0064   0.00383132604648 14770181.1793   0.000471033445603 622002.391497   0.0             0.0             0.0             4588835.20076   -92.249438865   4.58713999569e-16 0.803947916667  -0.0177864583333 -0.681814236111 0.681814236111  2.4530802498e-05 
0.310882758621  0.294222663621  382.420930379   5.86677168514   392893159.589   0.0346574509604 0.018746313984  74.9854997394   -8.967711546    206319776.88    0.013164947591  0.00767554501937 36.4255853611   -6.89371086348  21313895.9063   0.00378854983681 19173822.258    0.000434462554573 359791.67443    0.0             0.0             0.0             5828836.91044   -92.4132312011  4.58713999569e-16 0.828848958333  -0.00592881944444 -0.681814236111 0.681814236111  2.62403365223e-05 
0.310882758621  0.294079068247  424.14057569    6.54924135788   457741521.451   0.0350027344847 0.0189600126871 83.9629558602   -10.5589691057  229041908.501   0.0132202887926 0.00772092373918 41.1915567231   -8.11193731727  24353452.8616   0.00374140113049 21363784.8272   0.000399656897567 226397.966376   0.0             0.0             0.0             7151856.94889   -92.7277199587  4.58713999569e-16 0.844263888889  -0.00592881944444 -0.681814236111 0.681814236111  2.77870441639e-05 
0.310882758621  0.293950829984  468.70289613    7.81226368505   534816563.336   0.0353090939101 0.0191495913147 93.6439704271   -12.2780435738  259846372.55    0.0132725010888 0.00776386529256 46.1361180793   -9.4592075718   30997521.8506   0.00369228696069 26742960.0601   0.000368427357988 231587.834351   0.0             0.0             0.0             8715314.85559   -93.1386884623  4.58713999569e-16 0.888137152778  -0.00592881944444 -0.681814236111 0.681814236111  2.91622296e-05  
0.310882758621  0.293834672323  522.157035153   9.25366642908   614820346.859   0.0355967358051 0.0193309184057 105.348441039   -14.3671189748  278339029.132   0.0133224554514 0.00780507801236 52.7564069628   -11.0982130667  36224220.4129   0.00364253156353 30138890.1182   0.000339657446408 241481.348912   0.0             0.0             0.0             10852107.7925   -93.440451812   4.58713999569e-16 0.905923611111  -0.00830034722222 -0.681814236111 0.681814236111  3.04020273438e-05 
0.310882758621  0.293730856443  568.5894856     10.5200620403   702762732.481   0.0358535040528 0.019493105231  115.52408803    -16.3937474434  306133789.797   0.0133637186767 0.00784025645701 58.3950369417   -12.6749642973  46680427.3039   0.00358959960742 38674886.1996   0.000314278430178 426337.886712   0.0             0.0             0.0             13040836.5942   -94.0426385626  4.58713999569e-16 0.918967013889  -0.00830034722222 -0.681814236111 0.681814236111  3.15040766987e-05 
0.310882758621  0.293632791951  607.043594259   11.615009315    778251566.945   0.0361010595657 0.0196511760104 124.083973018   -18.2828679649  330986227.971   0.0134058972101 0.00787662869398 62.74313002     -14.1681223679  50223911.3597   0.00353582951709 39967573.9096   0.000289806014979 247440.525968   0.0             0.0             0.0             14688104.034    -94.6593330932  4.58713999569e-16 0.923710069444  -0.0308298611111 -0.681814236111 0.681814236111  3.25385218601e-05 
0.310882758621  0.293539125707  645.782185769   12.9703413189   862906575.199   0.036335574116  0.0198007211161 132.605497697   -20.3075901742  353055869.484   0.0134385427725 0.0079068925299 67.3889175511   -15.7571203225  56766477.6773   0.00347824181451 43451456.2412   0.000266157943811 555152.628446   0.0             0.0             0.0             16457685.0686   -95.301720212   4.58713999569e-16 0.913038194444  -0.0308298611111 -0.681814236111 0.681814236111  3.35193445999e-05 
0.310882758621  0.293450911033  683.751511521   14.0310910206   948548633.33    0.0365669475801 0.0199513391507 141.098768115   -22.4151686646  377382998.961   0.0134725402701 0.0079382931545 71.9459163438   -17.3925710651  63269985.4918   0.00342386785812 46657623.4248   0.000245171891085 439534.906953   0.0             0.0             0.0             18301963.1833   -95.9475327845  4.58713999569e-16 0.913038194444  -0.0308298611111 -0.681814236111 0.681814236111  3.44363602523e-05 
0.310882758621  0.293366663478  717.134274113   15.2646944167   1032164397.61   0.0367830766153 0.0200911545662 148.639551704   -24.3955691733  403994392.351   0.0135050407968 0.00796606630102 75.8249293536   -18.9630518043  69935600.4713   0.00337307335495 49624926.1079   0.000225074090117 699892.328964   0.0             0.0             0.0             19925427.6255   -96.6030149902  4.58713999569e-16 0.915409722222  -0.0177864583333 -0.681814236111 0.681814236111  3.53071004443e-05 
0.310882758621  0.293284541523  754.849927015   16.8990360231   1118366287.18   0.0369964778799 0.0202301449306 157.078781013   -26.6090914073  418365096.743   0.0135351469803 0.00799389499049 80.3511076295   -20.7059372485  75759215.8862   0.00332202368407 51585767.9484   0.000206037581936 704363.587323   0.0             0.0             0.0             21936291.4562   -97.2764828795  -1.35461052526e-15 0.903552083333  -0.0177864583333 -0.681814236111 0.681814236111  3.61491036883e-05 
0.310882758621  0.293206189683  780.324757378   18.0953985307   1197889839.42   0.0371977046132 0.0203608775526 162.977733874   -28.4880557692  440690563.939   0.0135620051316 0.00801746044664 83.5332404723   -22.1567401933  82053628.0201   0.00327225988276 54043750.6131   0.000188160850932 1007731.32891   0.0             0.0             0.0             23208437.3889   -97.9230569328  -3.82638623118e-13 0.903552083333  -0.0296440972222 -0.681814236111 0.681814236111  3.69469604027e-05 
